tag,place,user
"""been""","Haridwar, India",Hornbill07
"""been"",""fave""","Pondicherry, India",Hornbill07
"""been""","Interlaken, Switzerland",Hornbill07
"""been""","Hodka Village, India",Hornbill07
"""been""","Pompeii, Italy",Hornbill07
"""been""","Paris, France",Hornbill07
"""been""","Naples, Italy",Hornbill07
"""been""","Thekkady, India",Hornbill07
"""been""","Riomaggiore, Italy",Hornbill07
"""been""","Monterosso al Mare, Italy",Hornbill07
"""been""","Silvassa, India",Hornbill07
"""been""","Vernazza, Italy",Hornbill07
"""been""","Ganpatipule, India",Hornbill07
"""been""","Kochi (Cochin), India",Hornbill07
"""been"",""fave""","Jabalpur, India",Hornbill07
"""been""","Amalfi, Italy",Hornbill07
"""been""","Sorrento, Italy",Hornbill07
"""been"",""fave""","Langkawi, Malaysia",Hornbill07
"""been""","Torcello, Italy",Hornbill07
"""been""","Zurich, Switzerland",Hornbill07
"""been""","Capri, Italy",Hornbill07
"""been""","Turtuk, India",Hornbill07
"""been""","Dahanu, India",Hornbill07
"""been""","Corniglia, Italy",Hornbill07
"""been""","Bengaluru, India",Hornbill07
"""been""","Manarola, Italy",Hornbill07
"""been""","Chikmagalur, India",Hornbill07
"""been""","Dibrugarh, India",Hornbill07
"""been""","Florence, Italy",Hornbill07
"""been""","Leh, India",Hornbill07
"""been""","Jammu City, India",Hornbill07
"""been""","Tirupati, India",Hornbill07
"""been""","Pisa, Italy",Hornbill07
"""been""","Srinagar, India",Hornbill07
"""been""","Jhansi, India",Hornbill07
"""been""","Lucerne, Switzerland",Hornbill07
"""been"",""fave""","Hyderabad, India",Hornbill07
"""been""","Gandhidham, India",Hornbill07
"""been""","Malvan, India",Hornbill07
"""been""","Nagaon, India",Hornbill07
"""been""","Alchi, India",Hornbill07
"""been""","Shirdi, India",Hornbill07
"""been""","Singapore, Singapore",Hornbill07
"""been""","Panchgani, India",Hornbill07
"""been""","Pune, India",Hornbill07
"""been""","Chiplun, India",Hornbill07
"""been""","Noida, India",Hornbill07
"""been""","St-Paul-de-Vence, France",Hornbill07
"""been""","Shrivardhan, India",Hornbill07
"""been""","Jurong, Singapore",Hornbill07
"""been""","Sentosa Island, Singapore",Hornbill07
"""been"",""fave""","Guwahati, India",Hornbill07
"""been"",""fave""","Kullu, India",Hornbill07
"""been""","Mount Abu, India",Hornbill07
"""been""","Secunderabad, India",Hornbill07
"""been""","Khandala, India",Hornbill07
"""been""","Nagarjuna Sagar, India",Hornbill07
"""been"",""fave""","Mahabaleshwar, India",Hornbill07
"""been""","Aurangabad, India",Hornbill07
"""been""","Kargil, India",Hornbill07
"""been"",""fave""","Kadamat, India",Hornbill07
"""been""","Navi Mumbai, India",Hornbill07
"""been"",""fave""","Kavaratti Island, India",Hornbill07
"""been"",""fave""","Minicoy, India",Hornbill07
"""been"",""fave""","Gulmarg, India",Hornbill07
"""been"",""fave""","Abu, India",Hornbill07
"""been""","Venice, Italy",Hornbill07
"""been""","Margherita, India",Hornbill07
"""been""","Kuala Lumpur, Malaysia",Hornbill07
"""been""","Jerantut, Malaysia",Hornbill07
"""been""","Nice, France",Hornbill07
"""been""","Burano, Italy",Hornbill07
"""been""","Bagdogra, India",Hornbill07
"""been""","Sundarbans National Park, India",Hornbill07
"""been""","Shey, India",Hornbill07
"""been""","Sonmarg, India",Hornbill07
"""been""","Rishikesh, India",Hornbill07
"""been""","Taipei, Taiwan",Hornbill07
"""been"",""fave""","Kodaikanal, India",Hornbill07
"""been""","Gaya, India",Hornbill07
"""been""","Taman Negara National Park, Malaysia",Hornbill07
"""been""","Calangute, India",Hornbill07
"""been""","Nashik, India",Hornbill07
"""been"",""fave""","Amritsar, India",Hornbill07
"""been""","Coimbatore, India",Hornbill07
"""been"",""fave""","Bharatpur, India",Hornbill07
"""been""","Siena, Italy",Hornbill07
"""been""","Madurai, India",Hornbill07
"""been""","San Gimignano, Italy",Hornbill07
"""been""","Lahore, Pakistan",Hornbill07
"""been""","Harihareshwar, India",Hornbill07
"""been""","Sawai Madhopur, India",Hornbill07
"""been""","Udaipur, India",Hornbill07
"""been""","Anacapri, Italy",Hornbill07
"""been""","Nandurbar, India",Hornbill07
"""been""","Cannes, France",Hornbill07
"""been""","Monaco-Ville, Monaco",Hornbill07
"""been""","Monte-Carlo, Monaco",Hornbill07
"""been""","Eze, France",Hornbill07
"""been""","Murud, India",Hornbill07
"""been""","Lavasa, India",Hornbill07
"""been""","Valsad, India",Hornbill07
"""been""","Hemis, India",Hornbill07
"""been"",""fave""","Bodh Gaya, India",Hornbill07
"""been""","Ratnagiri, India",Hornbill07
"""been""","Bordi, India",Hornbill07
"""been""","Tarkarli, India",Hornbill07
"""been"",""fave""","Konark, India",Hornbill07
"""been""","Anjuna, India",Hornbill07
"""been""","Fatehpur Sikri, India",Hornbill07
"""been""","Palitana, India",Hornbill07
"""been""","Washington DC, DC, USA",Hornbill07
"""been""","Munnar, India",Hornbill07
"""been"",""fave""","Jodhpur, India",Hornbill07
"""been"",""fave""","Kalimpong, India",Hornbill07
"""been""","Lamayuru, India",Hornbill07
"""been""","Badrinath, India",Hornbill07
"""been""","Lima, Peru",Hornbill07
"""been""","Antibes, France",Hornbill07
"""been""","Panjim, India",Hornbill07
"""been""","Belgaum, India",Hornbill07
"""been""","Bhuj, India",Hornbill07
"""been""","Udupi, India",Hornbill07
"""been""","Joshimath, India",Hornbill07
"""been"",""fave""","Junagadh, India",Hornbill07
"""been""","Kuala Tahan, Malaysia",Hornbill07
"""been"",""fave""","Bhubaneswar, India",Hornbill07
"""been""","Puri, India",Hornbill07
"""been""","Matheran, India",Hornbill07
"""been"",""fave""","Veraval, India",Hornbill07
"""been"",""fave""","Shillong, India",Hornbill07
"""been""","Mahabalipuram, India",Hornbill07
"""been""","San Francisco, CA, USA",Hornbill07
"""been""","Page, AZ, USA",Hornbill07
"""been""","Positano, Italy",Hornbill07
"""been"",""fave""","Manali, India",Hornbill07
"""been""","Vadodara, India",Hornbill07
"""been""","Mysuru (Mysore), India",Hornbill07
"""been""","Mumbai, India",Hornbill07
"""been""","Jaipur, India",Hornbill07
"""been""","Gurugram (Gurgaon), India",Hornbill07
"""been""","Somma Vesuviana, Italy",Hornbill07
"""been"",""fave""","Chennai (Madras), India",Hornbill07
"""been"",""fave""","Kolkata (Calcutta), India",Hornbill07
"""been""","Gir National Park, India",Hornbill07
"""been""","Vapi, India",Hornbill07
"""been""","Surat, India",Hornbill07
"""been""","Rio de Janeiro, Brazil",Hornbill07
"""been""","Zermatt, Switzerland",Hornbill07
"""been""","Alibaug, India",Hornbill07
"""been""","Burbank, CA, USA",Hornbill07
"""been""","Los Angeles, CA, USA",Hornbill07
"""been"",""fave""","Alappuzha, India",Hornbill07
"""been""","Lugano, Switzerland",Hornbill07
"""been""","Lonavala, India",Hornbill07
"""been""","Dandeli, India",Hornbill07
"""been""","Hundar, India",Hornbill07
"""been""","Ravello, Italy",Hornbill07
"""been""","Mandla, India",Hornbill07
"""been""","Ahmedabad, India",Hornbill07
"""been""","New Delhi, India",Hornbill07
"""been""","Nakhatrana, India",Hornbill07
"""been""","Murano, Italy",Hornbill07
"""been""","Daman, India",Hornbill07
"""been""","Ganeshgudi, India",Hornbill07
"""been"",""fave""","Agra, India",Hornbill07
"""been""","Rome, Italy",Hornbill07
"""been""","Varanasi, India",Hornbill07
"""been""","Vatican City, Vatican City",Hornbill07
"""been""","Satara, India",Hornbill07
