tag,place,user
"""been""","Kailua-Kona, HI, USA",tmc921
"""been""","Los Angeles, CA, USA",tmc921
"""been""","Orlando, FL, USA",tmc921
"""been""","Linthicum Heights, MD, USA",tmc921
"""been""","Annapolis, MD, USA",tmc921
"""been""","Crownsville, MD, USA",tmc921
