tag,place,user
"""been""","Santa Clarita, CA, USA",977irisg
