tag,place,user
"""been""","Southport, UK",cjx130386
