tag,place,user
"""been""","Niagara Falls, NY, USA",OBD2142
"""been""","Manila, Philippines",OBD2142
"""been""","Kuala Lumpur, Malaysia",OBD2142
"""been""","Port Huron, MI, USA",OBD2142
"""been""","Park City, UT, USA",OBD2142
"""been""","Marrero, LA, USA",OBD2142
"""been""","Birmingham, MI, USA",OBD2142
"""been""","Pasu, Pakistan",OBD2142
"""been""","Nagoya, Japan",OBD2142
"""been""","Havana, Cuba",OBD2142
"""been""","Chiang Dao, Thailand",OBD2142
"""been""","Totonicapan, Guatemala",OBD2142
"""been""","Peten, Guatemala",OBD2142
"""want""","Milan, Italy",OBD2142
"""been""","Benton Harbor, MI, USA",OBD2142
"""been""","Cleveland, OH, USA",OBD2142
"""been""","High Point, NC, USA",OBD2142
"""been""","Dublin, Ireland",OBD2142
"""been""","Bridal Veil, OR, USA",OBD2142
"""been""","Mazatenango, Guatemala",OBD2142
"""been""","Siem Reap, Cambodia",OBD2142
"""been""","Abbottabad, Pakistan",OBD2142
"""want""","Moscow, Russia",OBD2142
"""been""","Boca Raton, FL, USA",OBD2142
"""been""","Lincolnwood, IL, USA",OBD2142
"""been""","Battle Creek, MI, USA",OBD2142
"""been""","Bangkok, Thailand",OBD2142
"""been""","Chiang Mai, Thailand",OBD2142
"""been""","Madrid, Spain",OBD2142
"""been""","Fort William, UK",OBD2142
"""been""","Inverness, UK",OBD2142
"""been""","Phuket, Thailand",OBD2142
"""been""","Nairn, UK",OBD2142
"""been""","Redondo Beach, CA, USA",OBD2142
"""been""","Winnipeg, Manitoba, Canada",OBD2142
"""been""","Winchester, UK",OBD2142
"""been""","Dallas, TX, USA",OBD2142
"""been"",""want""","Venice, Italy",OBD2142
"""been""","Shanghai, China",OBD2142
"""been""","Nong Khiaw, Laos",OBD2142
"""been""","Gwalior, India",OBD2142
"""want""","Ho Chi Minh City, Vietnam",OBD2142
"""been""","Darrow, LA, USA",OBD2142
"""want""","Hanoi, Vietnam",OBD2142
"""been""","Dover, UK",OBD2142
"""been""","Palm Springs, CA, USA",OBD2142
"""been""","Palm Desert, CA, USA",OBD2142
"""been""","Palo Alto, CA, USA",OBD2142
"""been""","Big Sur, CA, USA",OBD2142
"""been""","Canterbury, UK",OBD2142
"""been""","Leipzig, Germany",OBD2142
"""been""","Pacific Grove, CA, USA",OBD2142
"""been""","Rehovot, Israel",OBD2142
"""been""","Traverse City, MI, USA",OBD2142
"""been""","Kennebunkport, ME, USA",OBD2142
"""been""","Marblehead, MA, USA",OBD2142
"""been""","Dhaka City, Bangladesh",OBD2142
"""been""","Ann Arbor, MI, USA",OBD2142
"""been""","Ojai, CA, USA",OBD2142
"""been""","Lampang, Thailand",OBD2142
"""been""","Edinburgh, UK",OBD2142
"""been""","Oakland, CA, USA",OBD2142
"""been""","Tulsa, OK, USA",OBD2142
"""been""","Marmaris, Turkey",OBD2142
"""want""","Buenos Aires, Argentina",OBD2142
"""been""","Glenview, IL, USA",OBD2142
"""been""","Glencoe, IL, USA",OBD2142
"""been""","Salisbury, UK",OBD2142
"""been""","Glasgow, UK",OBD2142
"""been""","Nanning, China",OBD2142
"""been""","Eton, UK",OBD2142
"""been""","Vientiane, Laos",OBD2142
"""been""","Rancho Mirage, CA, USA",OBD2142
"""been""","Windsor, UK",OBD2142
"""been""","Aurangabad, India",OBD2142
"""been""","Khajuraho, India",OBD2142
"""been""","Tiberias, Israel",OBD2142
"""been""","Safed, Israel",OBD2142
"""been""","Santa Barbara, CA, USA",OBD2142
"""been""","Philadelphia, PA, USA",OBD2142
"""been""","Santa Ana, CA, USA",OBD2142
"""been""","Mammoth Lakes, CA, USA",OBD2142
"""been""","Beverly Hills, CA, USA",OBD2142
"""been""","Nassau, Bahamas",OBD2142
"""been""","Gettysburg, PA, USA",OBD2142
"""want""","Montreal, Quebec, Canada",OBD2142
"""been""","Shenzhen, China",OBD2142
"""been""","Pune, India",OBD2142
"""been""","Negombo, Sri Lanka",OBD2142
"""been""","Singapore, Singapore",OBD2142
"""been""","Yorba Linda, CA, USA",OBD2142
"""been""","Sterling, VA, USA",OBD2142
"""been""","Santa Monica, CA, USA",OBD2142
"""been""","Clearwater, FL, USA",OBD2142
"""been""","Johannesburg, South Africa",OBD2142
"""been""","Lake Oswego, OR, USA",OBD2142
"""been""","Big Bear Lake, CA, USA",OBD2142
"""been""","Epidavros, Greece",OBD2142
"""been""","Corbett, OR, USA",OBD2142
"""want""","Jaisalmer, India",OBD2142
"""been""","Antigua, Guatemala",OBD2142
"""been""","Dahab, Egypt",OBD2142
"""been""","Jodhpur, India",OBD2142
"""want""","Odessa, Ukraine",OBD2142
"""been""","Lisbon, Portugal",OBD2142
"""been""","San Marino, CA, USA",OBD2142
"""been""","Lucerne, Switzerland",OBD2142
"""been""","Denver, CO, USA",OBD2142
"""been""","San Luis Obispo, CA, USA",OBD2142
"""been""","St. Augustine, FL, USA",OBD2142
"""been"",""want""","San Miguel de Allende, Mexico",OBD2142
"""been""","Ocho Rios, Jamaica",OBD2142
"""been""","Carlsbad, CA, USA",OBD2142
"""been""","San Jose, CA, USA",OBD2142
"""been""","Carmel, CA, USA",OBD2142
"""been""","Taba, Egypt",OBD2142
"""been""","Ooty (Udhagamandalam), India",OBD2142
"""been""","Sharm El Sheikh, Egypt",OBD2142
"""been""","Madurai, India",OBD2142
"""been""","Coimbatore, India",OBD2142
"""been""","Udaipur, India",OBD2142
"""been""","Schaumburg, IL, USA",OBD2142
"""been""","Split, Croatia",OBD2142
"""been""","San Simeon, CA, USA",OBD2142
"""been""","Dubrovnik, Croatia",OBD2142
"""been""","Berkeley, CA, USA",OBD2142
"""been""","Williamsburg, VA, USA",OBD2142
"""been""","Bodrum City, Turkey",OBD2142
"""been""","Tecpan, Guatemala",OBD2142
"""been""","Ankara, Turkey",OBD2142
"""been""","Varanasi, India",OBD2142
"""been""","Agra, India",OBD2142
"""been""","Kanchipuram, India",OBD2142
"""been""","Suzhou, China",OBD2142
"""been""","Cincinnati, OH, USA",OBD2142
"""been""","San Diego, CA, USA",OBD2142
"""been""","West Bloomfield, MI, USA",OBD2142
"""been""","Hollywood, FL, USA",OBD2142
"""want""","Seattle, WA, USA",OBD2142
"""been""","Washington DC, DC, USA",OBD2142
"""been""","George Town, Malaysia",OBD2142
"""been""","Kuta, Indonesia",OBD2142
"""been""","Alexandria, Egypt",OBD2142
"""been""","Denpasar, Indonesia",OBD2142
"""been""","Dalian, China",OBD2142
"""been""","Tullamarine, Australia",OBD2142
"""been""","Kovalam, India",OBD2142
"""been""","New York City, NY, USA",OBD2142
"""been""","Penang Island, Malaysia",OBD2142
"""been""","Yangon (Rangoon), Myanmar",OBD2142
"""been""","Ellora, India",OBD2142
"""been""","Zunil, Guatemala",OBD2142
"""been""","Indianapolis, IN, USA",OBD2142
"""been""","Summerlands, Australia",OBD2142
"""been""","Ventura, CA, USA",OBD2142
"""been""","Hangzhou, China",OBD2142
"""been""","Kunming, China",OBD2142
"""been""","Xi'an, China",OBD2142
"""been""","Guilin, China",OBD2142
"""been""","Hyderabad, India",OBD2142
"""been""","Guangzhou, China",OBD2142
"""been""","Chengdu, China",OBD2142
"""been""","Richmond, VA, USA",OBD2142
"""been""","Coral Gables, FL, USA",OBD2142
"""been""","Didim, Turkey",OBD2142
"""been""","Cambridge, MA, USA",OBD2142
"""been""","Torrance, CA, USA",OBD2142
"""been""","Teotitlan del Valle, Mexico",OBD2142
"""been""","Chilas, Pakistan",OBD2142
"""been""","Atlanta, GA, USA",OBD2142
"""been""","Santa Maria del Tule, Mexico",OBD2142
"""been""","Chittaurgarh, India",OBD2142
"""been""","Baguio, Philippines",OBD2142
"""been""","Osaka, Japan",OBD2142
"""been""","Kyoto, Japan",OBD2142
"""been""","Rio Dulce, Guatemala",OBD2142
"""been""","Louisville, KY, USA",OBD2142
"""been""","George Town, Cayman Islands",OBD2142
"""been""","Tijuana, Mexico",OBD2142
"""been""","Northbrook, IL, USA",OBD2142
"""been""","Leshan, China",OBD2142
"""been""","Fairfield, Australia",OBD2142
"""been""","Chiang Rai, Thailand",OBD2142
"""been""","Brooklyn, NY, USA",OBD2142
"""been""","Boulder, CO, USA",OBD2142
"""been""","Dresden, Germany",OBD2142
"""been""","Lake Arrowhead, CA, USA",OBD2142
"""been""","Tucson, AZ, USA",OBD2142
"""been""","Palm Beach, FL, USA",OBD2142
"""been""","San Francisco, CA, USA",OBD2142
"""been""","Salem, MA, USA",OBD2142
"""been""","Mysuru (Mysore), India",OBD2142
"""been""","New Delhi, India",OBD2142
"""want""","Darjeeling, India",OBD2142
"""been""","Jamaica, NY, USA",OBD2142
"""been""","Chennai (Madras), India",OBD2142
"""been""","Guatemala City, Guatemala",OBD2142
"""been""","Jaipur, India",OBD2142
"""been""","Mumbai, India",OBD2142
"""been""","Lansing, MI, USA",OBD2142
"""been""","Kolkata (Calcutta), India",OBD2142
"""been""","Kings Canyon, Australia",OBD2142
"""been""","Alice Springs, Australia",OBD2142
"""been""","Burbank, CA, USA",OBD2142
"""want""","Sydney, Australia",OBD2142
"""been""","Tissamaharama, Sri Lanka",OBD2142
"""been""","Buena Park, CA, USA",OBD2142
"""been""","Pondicherry, India",OBD2142
"""been""","Tubac, AZ, USA",OBD2142
"""been""","Vienna, Austria",OBD2142
"""been""","Hoboken, NJ, USA",OBD2142
"""been""","San Juan Teotihuacan, Mexico",OBD2142
"""been""","Greensboro, NC, USA",OBD2142
"""been""","Vaughan, Ontario, Canada",OBD2142
"""been""","Panajachel, Guatemala",OBD2142
"""want""","Quito, Ecuador",OBD2142
"""been""","Santiago Atitlan, Guatemala",OBD2142
"""been""","Gatlinburg, TN, USA",OBD2142
"""been""","Tikal National Park, Guatemala",OBD2142
"""been""","Bandung, Indonesia",OBD2142
"""been""","Cusco, Peru",OBD2142
"""been""","Lima, Peru",OBD2142
"""been""","Ubud, Indonesia",OBD2142
"""been""","Quetzaltenango, Guatemala",OBD2142
"""been""","Dexter, MI, USA",OBD2142
"""been""","La Jolla, CA, USA",OBD2142
"""been""","Healesville, Australia",OBD2142
"""been""","Livingston, Guatemala",OBD2142
"""been""","Siesta Key, FL, USA",OBD2142
"""been""","Orlando, FL, USA",OBD2142
"""been""","Cologne, Germany",OBD2142
"""been""","Barcelona, Spain",OBD2142
"""been""","Flagstaff, AZ, USA",OBD2142
"""been""","La Canada Flintridge, CA, USA",OBD2142
"""been""","Amsterdam, The Netherlands",OBD2142
"""been""","Madison, WI, USA",OBD2142
"""been""","Tumacacori, AZ, USA",OBD2142
"""been""","Grosse Pointe, MI, USA",OBD2142
"""been""","Ghulmet, Pakistan",OBD2142
"""been""","Ollantaytambo, Peru",OBD2142
"""been""","Mandalay, Myanmar",OBD2142
"""been""","Machu Picchu, Peru",OBD2142
"""been""","Buffalo, NY, USA",OBD2142
"""been""","Luxor, Egypt",OBD2142
"""been""","Luang Prabang, Laos",OBD2142
"""want""","Surabaya, Indonesia",OBD2142
"""been""","Aswan, Egypt",OBD2142
"""been""","Versailles, France",OBD2142
"""been""","Copan Ruinas, Honduras",OBD2142
"""been""","Cairo, Egypt",OBD2142
"""been""","Dearborn, MI, USA",OBD2142
"""been""","Lahore, Pakistan",OBD2142
"""been""","Skokie, IL, USA",OBD2142
"""been""","Markham, Ontario, Canada",OBD2142
"""been""","Giza, Egypt",OBD2142
"""been""","Zurich, Switzerland",OBD2142
"""been""","Pisac, Peru",OBD2142
"""been""","Paris, France",OBD2142
"""been""","Vellore, India",OBD2142
"""been""","Laguna Beach, CA, USA",OBD2142
"""been""","Flinders, Australia",OBD2142
"""been""","Tempe, AZ, USA",OBD2142
"""been""","Honolulu, HI, USA",OBD2142
"""been""","Woodstock, NY, USA",OBD2142
"""been""","Grand Rapids, MI, USA",OBD2142
"""been""","Boston, MA, USA",OBD2142
"""been""","Detroit, MI, USA",OBD2142
"""been""","New Orleans, LA, USA",OBD2142
"""been""","Side, Turkey",OBD2142
"""been""","Mill Valley, CA, USA",OBD2142
"""been""","Hong Kong, China",OBD2142
"""been""","Zagreb, Croatia",OBD2142
"""been""","Beijing, China",OBD2142
"""been""","Antalya, Turkey",OBD2142
"""been""","Alanya, Turkey",OBD2142
"""been""","Sandusky, OH, USA",OBD2142
"""want""","Auckland, New Zealand",OBD2142
"""been""","Yarra Glen, Australia",OBD2142
"""been""","Rosemont, IL, USA",OBD2142
"""been""","Pigeon Forge, TN, USA",OBD2142
"""been""","Tlacolula, Mexico",OBD2142
"""been""","Pompano Beach, FL, USA",OBD2142
"""been""","Culver City, CA, USA",OBD2142
"""want""","Queenstown, New Zealand",OBD2142
"""been""","Ahmedabad, India",OBD2142
"""been""","Farmington, MI, USA",OBD2142
"""been""","Jakarta, Indonesia",OBD2142
"""been""","Acre, Israel",OBD2142
"""been""","Lhasa, China",OBD2142
"""been""","Newark, NJ, USA",OBD2142
"""been""","Wilmette, IL, USA",OBD2142
"""been""","Fort Lauderdale, FL, USA",OBD2142
"""been""","West Hollywood, CA, USA",OBD2142
"""been""","Del Mar, CA, USA",OBD2142
"""want""","Charleston, SC, USA",OBD2142
"""been""","Kansas City, KS, USA",OBD2142
"""been""","Mandu, India",OBD2142
"""been""","Salt Lake City, UT, USA",OBD2142
"""been""","Mahabalipuram, India",OBD2142
"""been""","Windsor, Ontario, Canada",OBD2142
"""been""","Bengaluru, India",OBD2142
"""been""","Urgup, Turkey",OBD2142
"""want""","San Salvador, El Salvador",OBD2142
"""want""","Srinagar, India",OBD2142
"""been""","Cozumel, Mexico",OBD2142
"""been""","Caesarea, Israel",OBD2142
"""been""","Cancun, Mexico",OBD2142
"""been""","Miami Beach, FL, USA",OBD2142
"""been""","Chichen Itza, Mexico",OBD2142
"""been""","Goreme, Turkey",OBD2142
"""want""","Kyiv (Kiev), Ukraine",OBD2142
"""been""","Sonoma, CA, USA",OBD2142
"""been""","Des Plaines, IL, USA",OBD2142
"""been""","Miami, FL, USA",OBD2142
"""been""","Hollister, CA, USA",OBD2142
"""been""","Anaheim, CA, USA",OBD2142
"""been"",""want""","Oaxaca, Mexico",OBD2142
"""been""","Solvang, CA, USA",OBD2142
"""been""","Calabasas, CA, USA",OBD2142
"""been"",""want""","Mexico City, Mexico",OBD2142
"""been"",""want""","Austin, TX, USA",OBD2142
"""been""","Taxila, Pakistan",OBD2142
"""been""","Coronado, CA, USA",OBD2142
"""been""","Mestre, Italy",OBD2142
"""been""","Melbourne, Australia",OBD2142
"""want""","Savannah, GA, USA",OBD2142
"""been""","Charlevoix, MI, USA",OBD2142
"""been""","Albuquerque, NM, USA",OBD2142
"""been""","Baltimore, MD, USA",OBD2142
"""want""","Auckland Central, New Zealand",OBD2142
"""been""","Thiruvananthapuram (Trivandrum), India",OBD2142
"""been""","St. Catharines, Ontario, Canada",OBD2142
"""been""","Toronto, Ontario, Canada",OBD2142
"""been""","Pamukkale, Turkey",OBD2142
"""been""","South San Francisco, CA, USA",OBD2142
"""been""","Hebron, Palestinian Territories",OBD2142
"""been""","Tulum, Mexico",OBD2142
"""been""","Uluru-Kata Tjuta National Park, Australia",OBD2142
"""been""","Anglesea, Australia",OBD2142
"""want""","Christchurch, New Zealand",OBD2142
"""been""","Vancouver, WA, USA",OBD2142
"""been""","Colombo, Sri Lanka",OBD2142
"""been""","York, UK",OBD2142
"""been""","Cambridge, UK",OBD2142
"""been""","Kalaw, Myanmar",OBD2142
"""been""","Brussels, Belgium",OBD2142
"""been""","Islamabad, Pakistan",OBD2142
"""been""","Sacramento, CA, USA",OBD2142
"""been""","Rome, Italy",OBD2142
"""been""","Niagara Falls, Ontario, Canada",OBD2142
"""been""","Niagara-on-the-Lake, Ontario, Canada",OBD2142
"""been""","Ein Hod, Israel",OBD2142
"""been""","Kuantan, Malaysia",OBD2142
"""been""","Bristol, UK",OBD2142
"""been""","Vatican City, Vatican City",OBD2142
"""want""","Tokyo, Japan",OBD2142
"""been""","Budapest, Hungary",OBD2142
"""been""","Aguas Calientes, Peru",OBD2142
"""been""","Arcadia, CA, USA",OBD2142
"""been""","Henderson, NV, USA",OBD2142
"""been""","Istanbul, Turkey",OBD2142
"""want""","Marrakech, Morocco",OBD2142
"""been""","Newcastle, UK",OBD2142
"""been""","Selcuk, Turkey",OBD2142
"""want""","Fes, Morocco",OBD2142
"""been""","Long Beach, CA, USA",OBD2142
"""been""","White Castle, LA, USA",OBD2142
"""been""","Napa, CA, USA",OBD2142
"""been""","South Lake Tahoe, CA, USA",OBD2142
"""been""","Indio, CA, USA",OBD2142
"""been""","Indian Wells, CA, USA",OBD2142
"""been""","Alexandria, VA, USA",OBD2142
"""been""","Phoenix, AZ, USA",OBD2142
"""been"",""want""","Berlin, Germany",OBD2142
"""been""","Chester, UK",OBD2142
"""been""","Bagan, Myanmar",OBD2142
"""been""","New Haven, CT, USA",OBD2142
"""been""","Maras, Peru",OBD2142
"""been""","Newhaven, Australia",OBD2142
"""been""","Legian, Indonesia",OBD2142
"""been""","Bethlehem, Palestinian Territories",OBD2142
"""want""","Timbuktu, Mali",OBD2142
"""been""","Tel Aviv, Israel",OBD2142
"""been""","Ise, Japan",OBD2142
"""been""","Monterey, CA, USA",OBD2142
"""been""","Eilat, Israel",OBD2142
"""been""","Jerusalem, Israel",OBD2142
"""been""","Pasadena, CA, USA",OBD2142
"""been""","Haifa, Israel",OBD2142
"""been""","Flores, Guatemala",OBD2142
"""been""","Florence, Italy",OBD2142
"""been""","Nara, Japan",OBD2142
"""want""","Petra - Wadi Musa, Jordan",OBD2142
"""been""","Troutdale, OR, USA",OBD2142
"""been""","Emeishan, China",OBD2142
"""been""","Anuradhapura, Sri Lanka",OBD2142
"""been""","Liverpool, UK",OBD2142
"""been""","Kandy, Sri Lanka",OBD2142
"""been""","Durham, UK",OBD2142
"""been""","Vacherie, LA, USA",OBD2142
"""been""","London, UK",OBD2142
"""been""","Port Campbell, Australia",OBD2142
"""been""","Rotterdam, The Netherlands",OBD2142
"""been""","Montrose, CA, USA",OBD2142
"""been""","Blackpool, UK",OBD2142
"""been""","Windermere, UK",OBD2142
"""been""","Saint Paul, MN, USA",OBD2142
"""been""","Polonnaruwa, Sri Lanka",OBD2142
"""been""","Reno, NV, USA",OBD2142
"""been""","Sarasota, FL, USA",OBD2142
"""been""","Manhattan Beach, CA, USA",OBD2142
"""been""","Apollo Bay, Australia",OBD2142
"""been""","Borobudur, Indonesia",OBD2142
"""been""","Glendale, CA, USA",OBD2142
"""been""","Nice, France",OBD2142
"""been""","Malibu, CA, USA",OBD2142
"""been""","Monte-Carlo, Monaco",OBD2142
"""been""","West Palm Beach, FL, USA",OBD2142
"""been""","Cowes, Australia",OBD2142
"""been""","Indramayu, Indonesia",OBD2142
"""been""","Bloomfield Hills, MI, USA",OBD2142
"""been""","Timboon, Australia",OBD2142
"""want""","Riga, Latvia",OBD2142
"""been""","North Las Vegas, NV, USA",OBD2142
"""been""","Toledo, Spain",OBD2142
"""been""","Petoskey, MI, USA",OBD2142
"""been""","Phuket Town, Thailand",OBD2142
"""been""","Brighton, UK",OBD2142
"""been""","Karimabad, Pakistan",OBD2142
"""been""","Pokhara, Nepal",OBD2142
"""been""","Kathmandu, Nepal",OBD2142
"""been""","Stratford-upon-Avon, UK",OBD2142
"""been""","Aachen, Germany",OBD2142
"""been""","Marina del Rey, CA, USA",OBD2142
"""been""","Copenhagen, Denmark",OBD2142
"""been""","Scottsdale, AZ, USA",OBD2142
"""been""","Sedona, AZ, USA",OBD2142
"""been""","Cherating, Malaysia",OBD2142
"""been""","Kansas City, MO, USA",OBD2142
"""been""","Minneapolis, MN, USA",OBD2142
"""been""","Tanah Rata, Malaysia",OBD2142
"""been""","Frankfurt, Germany",OBD2142
"""want""","Prague, Czech Republic",OBD2142
"""been""","Fairfax, VA, USA",OBD2142
"""been""","Chicago, IL, USA",OBD2142
"""been""","Portland, OR, USA",OBD2142
"""been""","Woodstock, UK",OBD2142
"""been""","Los Angeles, CA, USA",OBD2142
"""been""","Oxford, UK",OBD2142
"""been""","Irvine, CA, USA",OBD2142
"""been""","Prescott, AZ, USA",OBD2142
"""been""","Hamburg, Germany",OBD2142
"""want""","Cairns, Australia",OBD2142
"""been""","Gilgit, Pakistan",OBD2142
"""been""","Yulara, Australia",OBD2142
"""been""","Grantville, Australia",OBD2142
"""been""","St. Petersburg, FL, USA",OBD2142
"""been""","San Pablo Villa de Mitla, Mexico",OBD2142
"""been""","Athens, Greece",OBD2142
"""been""","Bath, UK",OBD2142
"""want""","Addis Ababa, Ethiopia",OBD2142
"""been""","Toledo, OH, USA",OBD2142
"""been""","Arlington, VA, USA",OBD2142
"""been""","Garden Grove, CA, USA",OBD2142
"""been""","Rhodes Town, Greece",OBD2142
"""been""","Dixons Creek, Australia",OBD2142
"""been""","Newport Beach, CA, USA",OBD2142
"""been""","West MacDonnell National Park, Australia",OBD2142
"""been""","Secaucus, NJ, USA",OBD2142
"""been""","Gupis, Pakistan",OBD2142
"""been""","Las Vegas, NV, USA",OBD2142
