tag,place,user
"""been""","San Francisco, CA, USA",Muller-reizen-op-pad
"""been""","Mendut, Indonesia",Muller-reizen-op-pad
"""been""","Beatty, NV, USA",Muller-reizen-op-pad
"""been""","Ehrwald, Austria",Muller-reizen-op-pad
"""been""","Reykjavik, Iceland",Muller-reizen-op-pad
"""been""","Gili Trawangan, Indonesia",Muller-reizen-op-pad
"""been""","Yermo, CA, USA",Muller-reizen-op-pad
"""been""","Rome, Italy",Muller-reizen-op-pad
"""been""","Katwijk, The Netherlands",Muller-reizen-op-pad
"""been""","Las Vegas, NV, USA",Muller-reizen-op-pad
"""been""","Tiel, The Netherlands",Muller-reizen-op-pad
"""been""","Pangandaran, Indonesia",Muller-reizen-op-pad
"""been""","Sukabumi, Indonesia",Muller-reizen-op-pad
"""been""","Ciamis, Indonesia",Muller-reizen-op-pad
"""been""","Oss, The Netherlands",Muller-reizen-op-pad
"""been""","Santa Monica, CA, USA",Muller-reizen-op-pad
"""been""","Assen, The Netherlands",Muller-reizen-op-pad
"""been""","Lermoos, Austria",Muller-reizen-op-pad
"""been""","Boulder City, NV, USA",Muller-reizen-op-pad
"""been""","The Hague, The Netherlands",Muller-reizen-op-pad
"""been""","Malang, Indonesia",Muller-reizen-op-pad
"""been""","Kerk-Avezaath, The Netherlands",Muller-reizen-op-pad
"""been""","Solo, Indonesia",Muller-reizen-op-pad
"""been""","Zeist, The Netherlands",Muller-reizen-op-pad
"""been""","Trento, Italy",Muller-reizen-op-pad
"""been""","Weert, The Netherlands",Muller-reizen-op-pad
"""been""","Soll, Austria",Muller-reizen-op-pad
"""been""","Marina di Bibbona, Italy",Muller-reizen-op-pad
"""been""","Westendorf, Austria",Muller-reizen-op-pad
"""been""","Beesd, The Netherlands",Muller-reizen-op-pad
"""been""","Berwang, Austria",Muller-reizen-op-pad
"""been""","Amsterdam, The Netherlands",Muller-reizen-op-pad
"""been""","Grand Canyon National Park, AZ, USA",Muller-reizen-op-pad
"""been""","Veenendaal, The Netherlands",Muller-reizen-op-pad
"""been""","Kalibaru, Indonesia",Muller-reizen-op-pad
"""been""","Leerdam, The Netherlands",Muller-reizen-op-pad
"""been""","Lembang, Indonesia",Muller-reizen-op-pad
"""been""","Sleman, Indonesia",Muller-reizen-op-pad
"""been""","Buren, The Netherlands",Muller-reizen-op-pad
"""been""","La Jolla, CA, USA",Muller-reizen-op-pad
"""been""","Macot-la-Plagne, France",Muller-reizen-op-pad
"""been""","Arabba, Italy",Muller-reizen-op-pad
"""been""","Tasikmalaya, Indonesia",Muller-reizen-op-pad
"""been""","Magelang, Indonesia",Muller-reizen-op-pad
"""been""","Oakdale, CA, USA",Muller-reizen-op-pad
"""been""","Bandung, Indonesia",Muller-reizen-op-pad
"""been""","Brena Baja, Spain",Muller-reizen-op-pad
"""been""","Bogor, Indonesia",Muller-reizen-op-pad
"""been""","Carmel, CA, USA",Muller-reizen-op-pad
"""been""","Florence, Italy",Muller-reizen-op-pad
"""been""","Geysir, Iceland",Muller-reizen-op-pad
"""been""","Pisa, Italy",Muller-reizen-op-pad
"""been""","Probolinggo, Indonesia",Muller-reizen-op-pad
"""been""","Den Bosch, The Netherlands",Muller-reizen-op-pad
"""been""","Houten, The Netherlands",Muller-reizen-op-pad
"""been""","Kediri, Indonesia",Muller-reizen-op-pad
"""been""","Wijk bij Duurstede, The Netherlands",Muller-reizen-op-pad
"""been""","Beneden-Leeuwen, The Netherlands",Muller-reizen-op-pad
"""been""","Oosterbeek, The Netherlands",Muller-reizen-op-pad
"""been""","Cisarua, Indonesia",Muller-reizen-op-pad
"""been""","Utrecht, The Netherlands",Muller-reizen-op-pad
"""been""","Best, The Netherlands",Muller-reizen-op-pad
"""been""","Culemborg, The Netherlands",Muller-reizen-op-pad
"""been""","Soest, The Netherlands",Muller-reizen-op-pad
"""been""","Bunnik, The Netherlands",Muller-reizen-op-pad
"""been""","Jakarta, Indonesia",Muller-reizen-op-pad
"""been""","Belle Plagne, France",Muller-reizen-op-pad
"""been""","Kuta, Indonesia",Muller-reizen-op-pad
"""been""","Buren, The Netherlands",Muller-reizen-op-pad
"""been""","Denpasar, Indonesia",Muller-reizen-op-pad
"""been""","Barstow, CA, USA",Muller-reizen-op-pad
"""been""","Nieuwegein, The Netherlands",Muller-reizen-op-pad
"""been""","Campitello di Fassa, Italy",Muller-reizen-op-pad
"""been""","Amerongen, The Netherlands",Muller-reizen-op-pad
"""been""","Hemmen, The Netherlands",Muller-reizen-op-pad
"""been""","Asperen, The Netherlands",Muller-reizen-op-pad
"""been""","Wageningen, The Netherlands",Muller-reizen-op-pad
"""been""","Bibbona, Italy",Muller-reizen-op-pad
"""been""","Batu, Indonesia",Muller-reizen-op-pad
"""been""","Leersum, The Netherlands",Muller-reizen-op-pad
"""been""","Staphorst, The Netherlands",Muller-reizen-op-pad
"""been""","Alba di Canazei, Italy",Muller-reizen-op-pad
"""been""","Tuban, Indonesia",Muller-reizen-op-pad
"""been""","Levi, Finland",Muller-reizen-op-pad
"""been""","Pleasanton, CA, USA",Muller-reizen-op-pad
"""been""","Yosemite National Park, CA, USA",Muller-reizen-op-pad
"""been""","Doetinchem, The Netherlands",Muller-reizen-op-pad
"""been""","Beijing, China",Muller-reizen-op-pad
"""been""","San Diego, CA, USA",Muller-reizen-op-pad
"""been""","Zoelen, The Netherlands",Muller-reizen-op-pad
"""been""","Overberg, The Netherlands",Muller-reizen-op-pad
"""been""","Arnhem, The Netherlands",Muller-reizen-op-pad
"""been""","Antalya, Turkey",Muller-reizen-op-pad
"""been""","Nijmegen, The Netherlands",Muller-reizen-op-pad
